Idcs=[
6523 	 
2621 	 
0 	 
1790 	 
1016 	 
4104 	 
7657 	 
6015 	 
8057 	 
4036 	 
1293 	 
6894 	 
7375 	 
7997 	 
250 	 
6424 	 
251 	 
5473 	 
2486 	 
3182 	 
4619 	 
1222 	 
3440 	 
435 	 
1519 	 
2797 	 
3290 	 
2617 	 
2552 	 
4654 	 
7895 	 
4534 	 
7594 	 
122 	 
7140 	 
7795 	 
2144 	 
579 	 
6938 	 
1419 	 
2880 	 
7349 	 
3853 	 
4516 	 
1889 	 
385 	 
7018 	 
5165 	 
4572 	 
1466 	 
750 	 
8077 	 
5014 	 
6962 	 
1801 	 
2891 	 
7072 	 
8157 	 
910 	 
3065 	 
3657 	 
6830 	 
472 	 
4976 	 
393 	 
6589 	 
2206 	 
3221 	 
2872 	 
4212 	 
2256 	 
1054 	 
4077 	 
5065 	 
3059 	 
3140 	 
5760 	 
17 	 
5667 	 
2855 	 
3224 	 
7784 	 
6846 	 
7774 	 
8133 	 
6028 	 
8181 	 
3394 	 
410 	 
2510 	 
892 	 
5811 	 
5906 	 
7943 	 
6776 	 
4006 	 
6164 	 
3196 	 
3001 	 
7826 	 
1661 	 
6467 	 
7805 	 
6174 	 
281 	 
4050 	 
926 	 
7012 	 
1646 	 
4637 	 
4982 	 
8054 	 
2682 	 
5887 	 
7801 	 
2126 	 
2021 	 
3986 	 
5184 	 
7394 	 
7220 	 
2447 	 
3304 	 
5591 	 
8163 	 
7342 	 
6761 	 
7644 	 
3865 	 
3089 	 
7443 	 
5711 	 
361 	 
4735 	 
7781 	 
7953 	 
6027 	 
5480 	 
82 	 
7962 	 
1439 	 
7885 	 
7882 	 
5421 	 
3864 	 
2693 	 
7830 	 
3143 	 
2129 	 
5052 	 
1928 	 
5177 	 
1146 	 
515 	 
1137 	 
5803 	 
3218 	 
5030 	 
4633 	 
967 	 
6606 	 
4085 	 
3277 	 
219 	 
3008 	 
6890 	 
2875 	 
7252 	 
6468 	 
3072 	 
7380 	 
1720 	 
6647 	 
1914 	 
5390 	 
5437 	 
6588 	 
7248 	 
6904 	 
7300 	 
1640 	 
2646 	 
1618 	 
373 	 
1984 	 
2119 	 
657 	 
1226 	 
5310 	 
1080 	 
7115 	 
3775 	 
2182 	 
8138 	 
664 	 
6710 	 
7232 	 
2102 	 
5967 	 
1446 	 
4102 	 
1352 	 
2197 	 
2318 	 
2716 	 
6236 	 
7747 	 
2521 	 
5526 	 
2556 	 
3130 	 
7133 	 
6870 	 
5408 	 
7970 	 
2733 	 
4411 	 
1237 	 
6819 	 
2902 	 
675 	 
4718 	 
6755 	 
7385 	 
3049 	 
4975 	 
124 	 
6401 	 
1934 	 
3666 	 
2955 	 
7238 	 
6237 	 
164 	 
5193 	 
2132 	 
2076 	 
2741 	 
6804 	 
437 	 
7772 	 
482 	 
2824 	 
1447 	 
2946 	 
7754 	 
1990 	 
7847 	 
4495 	 
5896 	 
2372 	 
4454 	 
1496 	 
1281 	 
799 	 
625 	 
709 	 
2799 	 
4168 	 
1211 	 
4978 	 
1021 	 
3432 	 
7522 	 
1573 	 
2628 	 
4224 	 
3884 	 
2041 	 
4575 	 
1036 	 
4219 	 
7173 	 
107 	 
1116 	 
3208 	 
5182 	 
623 	 
8078 	 
5450 	 
4576 	 
6746 	 
13 	 
2049 	 
7277 	 
7757 	 
4402 	 
1999 	 
6022 	 
3587 	 
2789 	 
4333 	 
713 	 
5755 	 
6244 	 
444 	 
7027 	 
8144 	 
7727 	 
7694 	 
3266 	 
495 	 
5857 	 
5620 	 
2996 	 
5460 	 
2432 	 
7734 	 
1509 	 
3661 	 
6738 	 
6411 	 
5992 	 
4867 	 
3156 	 
1971 	 
3034 	 
2778 	 
2827 	 
8030 	 
6085 	 
5048 	 
7497 	 
1349 	 
2170 	 
7587 	 
6957 	 
5307 	 
652 	 
2990 	 
2174 	 
5095 	 
601 	 
1856 	 
7688 	 
5442 	 
1528 	 
3232 	 
6120 	 
5107 	 
4851 	 
5836 	 
6423 	 
6827 	 
2225 	 
8080 	 
1729 	 
4788 	 
1860 	 
4594 	 
2444 	 
5782 	 
7729 	 
5123 	 
2579 	 
3951 	 
6493 	 
3701 	 
2338 	 
7095 	 
4854 	 
4669 	 
4238 	 
7024 	 
8168 	 
5847 	 
600 	 
6893 	 
1198 	 
4827 	 
3582 	 
3023 	 
6668 	 
3837 	 
8108 	 
5512 	 
4023 	 
6 	 
3349 	 
2557 	 
2405 	 
33 	 
6114 	 
5825 	 
5537 	 
508 	 
5276 	 
3461 	 
1943 	 
2610 	 
6227 	 
920 	 
6362 	 
7936 	 
6329 	 
5140 	 
3490 	 
938 	 
77 	 
3289 	 
1056 	 
955 	 
1922 	 
420 	 
2403 	 
3873 	 
710 	 
6743 	 
7011 	 
4356 	 
4477 	 
2113 	 
1586 	 
3320 	 
6637 	 
4479 	 
6581 	 
7990 	 
5991 	 
3203 	 
4247 	 
7949 	 
14 	 
2534 	 
519 	 
1207 	 
1642 	 
2455 	 
4320 	 
4469 	 
1568 	 
5142 	 
5511 	 
8165 	 
4447 	 
6950 	 
415 	 
4432 	 
4313 	 
770 	 
6432 	 
3819 	 
3724 	 
1305 	 
7223 	 
304 	 
5339 	 
4535 	 
5395 	 
4759 	 
5850 	 
8182 	 
6204 	 
432 	 
4617 	 
4004 	 
782 	 
7317 	 
6964 	 
5215 	 
5289 	 
2558 	 
3000 	 
5540 	 
3003 	 
6785 	 
3605 	 
2063 	 
2247 	 
1803 	 
6806 	 
5877 	 
1379 	 
2506 	 
7738 	 
3313 	 
8098 	 
7147 	 
1027 	 
4131 	 
791 	 
1371 	 
1199 	 
2588 	 
4864 	 
59 	 
4865 	 
6704 	 
5956 	 
2601 	 
7922 	 
2667 	 
6949 	 
4596 	 
4380 	 
604 	 
2188 	 
5645 	 
6060 	 
5431 	 
6566 	 
3807 	 
6522 	 
5306 	 
6356 	 
5767 	 
3944 	 
7367 	 
7130 	 
6014 	 
6167 	 
1399 	 
6030 	 
2452 	 
2159 	 
3445 	 
6947 	 
3714 	 
2974 	 
7242 	 
8170 	 
590 	 
6076 	 
7717 	 
2513 	 
5573 	 
2329 	 
3210 	 
4651 	 
4590 	 
223 	 
2001 	 
523 	 
4784 	 
6524 	 
6799 	 
2761 	 
5258 	 
668 	 
7748 	 
6439 	 
3697 	 
19 	 
396 	 
7103 	 
4900 	 
5175 	 
5571 	 
4318 	 
7852 	 
1994 	 
2833 	 
3002 	 
5627 	 
5141 	 
7098 	 
1334 	 
3793 	 
4095 	 
2924 	 
5411 	 
4051 	 
536 	 
2619 	 
416 	 
5542 	 
1186 	 
5994 	 
174 	 
5055 	 
6003 	 
7123 	 
5654 	 
1588 	 
5311 	 
6136 	 
4379 	 
4559 	 
2171 	 
4068 	 
4194 	 
2472 	 
3152 	 
45 	 
1677 	 
819 	 
1651 	 
1107 	 
5244 	 
855 	 
1903 	 
69 	 
3687 	 
5547 	 
939 	 
7711 	 
3170 	 
5963 	 
7926 	 
7623 	 
4845 	 
5229 	 
4144 	 
6586 	 
3355 	 
7050 	 
8037 	 
4852 	 
7567 	 
6636 	 
841 	 
5275 	 
6857 	 
1845 	 
679 	 
7530 	 
3326 	 
2346 	 
4704 	 
6877 	 
4927 	 
8079 	 
5043 	 
1511 	 
337 	 
4707 	 
5236 	 
1941 	 
3161 	 
4365 	 
3362 	 
7561 	 
5299 	 
6267 	 
387 	 
4624 	 
7598 	 
4350 	 
865 	 
483 	 
3153 	 
6861 	 
4813 	 
1158 	 
6553 	 
574 	 
268 	 
1192 	 
3305 	 
1250 	 
263 	 
2431 	 
2224 	 
1745 	 
476 	 
1699 	 
4166 	 
7336 	 
7776 	 
560 	 
4556 	 
7437 	 
5349 	 
4371 	 
3505 	 
3706 	 
7359 	 
7597 	 
4527 	 
2277 	 
5243 	 
4497 	 
3673 	 
5904 	 
6444 	 
1582 	 
3574 	 
3825 	 
6162 	 
4825 	 
4680 	 
3871 	 
4079 	 
3322 	 
5053 	 
7105 	 
8047 	 
1361 	 
6732 	 
4519 	 
1802 	 
6961 	 
5497 	 
4289 	 
3948 	 
7463 	 
3480 	 
4230 	 
3738 	 
4225 	 
4351 	 
2501 	 
4375 	 
5383 	 
2152 	 
2322 	 
5214 	 
609 	 
4408 	 
5343 	 
3109 	 
6590 	 
7609 	 
6847 	 
6631 	 
823 	 
8088 	 
7604 	 
5524 	 
4942 	 
67 	 
1757 	 
3672 	 
4846 	 
120 	 
7124 	 
2853 	 
1479 	 
7482 	 
2566 	 
1032 	 
5768 	 
1792 	 
26 	 
6887 	 
4196 	 
3678 	 
172 	 
5348 	 
7670 	 
6097 	 
5734 	 
6036 	 
3698 	 
7368 	 
3380 	 
3093 	 
1429 	 
7085 	 
1858 	 
3064 	 
7259 	 
2883 	 
7308 	 
5393 	 
5270 	 
6276 	 
262 	 
6852 	 
5434 	 
5483 	 
7879 	 
3670 	 
4441 	 
3169 	 
3658 	 
2351 	 
7310 	 
8097 	 
7413 	 
5328 	 
826 	 
5668 	 
655 	 
6142 	 
5081 	 
6131 	 
2317 	 
1872 	 
4584 	 
3817 	 
4802 	 
2371 	 
6259 	 
698 	 
4278 	 
5358 	 
4205 	 
3185 	 
6814 	 
7742 	 
5744 	 
8147 	 
6108 	 
1680 	 
8010 	 
2123 	 
3299 	 
3116 	 
2307 	 
7663 	 
763 	 
4858 	 
5249 	 
2246 	 
5076 	 
2581 	 
4019 	 
6137 	 
5173 	 
6716 	 
1252 	 
1521 	 
3867 	 
5979 	 
7301 	 
7318 	 
7473 	 
1532 	 
295 	 
2753 	 
7476 	 
7138 	 
6978 	 
7504 	 
2911 	 
1931 	 
4403 	 
1557 	 
4037 	 
6312 	 
6418 	 
3999 	 
4716 	 
208 	 
6064 	 
7950 	 
3981 	 
3341 	 
411 	 
4328 	 
7957 	 
2145 	 
6094 	 
2309 	 
4892 	 
5201 	 
961 	 
3222 	 
5615 	 
564 	 
6972 	 
541 	 
2622 	 
1081 	 
4220 	 
6047 	 
7284 	 
1118 	 
6021 	 
4755 	 
4503 	 
1328 	 
3761 	 
715 	 
2815 	 
2864 	 
6592 	 
761 	 
6130 	 
1212 	 
5880 	 
6408 	 
6912 	 
2586 	 
7113 	 
1870 	 
2800 	 
1441 	 
2279 	 
5833 	 
4607 	 
1926 	 
7257 	 
2702 	 
3806 	 
2959 	 
3122 	 
1649 	 
3004 	 
864 	 
654 	 
3722 	 
1373 	 
3087 	 
4363 	 
4010 	 
8044 	 
2417 	 
4039 	 
5834 	 
3507 	 
6034 	 
2430 	 
5796 	 
5136 	 
1364 	 
3841 	 
3240 	 
6837 	 
2030 	 
4172 	 
6638 	 
7848 	 
5701 	 
7071 	 
6207 	 
7087 	 
6497 	 
6450 	 
5103 	 
8102 	 
836 	 
3267 	 
4625 	 
6384 	 
470 	 
2868 	 
4587 	 
6010 	 
5163 	 
1134 	 
774 	 
1139 	 
2596 	 
7987 	 
8004 	 
5183 	 
6081 	 
1015 	 
2690 	 
2078 	 
4488 	 
1527 	 
468 	 
8148 	 
1668 	 
989 	 
309 	 
2401 	 
6506 	 
2614 	 
3522 	 
2664 	 
1067 	 
6922 	 
3346 	 
7331 	 
5026 	 
5629 	 
4276 	 
1842 	 
6768 	 
7043 	 
1195 	 
3136 	 
6416 	 
2355 	 
7931 	 
5941 	 
1243 	 
5714 	 
7431 	 
2319 	 
3354 	 
840 	 
8052 	 
1110 	 
445 	 
5911 	 
4258 	 
757 	 
2353 	 
6264 	 
2404 	 
1075 	 
480 	 
2073 	 
7165 	 
537 	 
7100 	 
4330 	 
4551 	 
1386 	 
918 	 
5319 	 
5305 	 
5587 	 
5152 	 
4486 	 
6265 	 
4658 	 
4295 	 
510 	 
5260 	 
3281 	 
4921 	 
3776 	 
81 	 
7014 	 
1179 	 
451 	 
5452 	 
152 	 
1183 	 
1002 	 
