1 1 86504.35382
2 1 1787.811811
3 1 3691.835377
4 1 -14724.06794
5 1 325.8535362
6 1 14262.66785
7 1 682.0773784
8 1 536.6886726
9 1 1036.64382
10 1 573.7035316
11 1 -3457.71046
12 1 -529.8648709
13 1 -544.3126815
14 1 8806.437466
15 1 -232.2592771
16 1 -1231.577669
17 1 1773.902609
18 1 -204.1877899
19 1 704.7225171
20 1 8574.774022
21 1 -889.4611863
22 1 -770.6323896
23 1 -1787.834793
24 1 -272.5473589
25 1 894.8040123
26 1 -920.0543748
27 1 1685.229434
28 1 1215.419473
29 1 -332.131561
30 1 79.85181539
31 1 -1126.340103
32 1 -855.3423508
33 1 -353.4594833
34 1 1458.797687
35 1 -342.8415483
36 1 247.7456375
37 1 -58.48594676
38 1 -836.9698829
39 1 -1408.728563
40 1 775.8564363
41 1 -110.5147399
42 1 188.7873816
43 1 -428.2405456
44 1 -862.7755265
45 1 -1577.208436
46 1 -920.1990656
47 1 -445.4614258
48 1 -301.4042236
49 1 -1114.027309
50 1 -982.2530205
51 1 51.55062821
52 1 -341.1693769
53 1 337.0496132
54 1 9.398642012
55 1 -48.50489728
56 1 -48.09787762
57 1 13.92008922
58 1 -31.99198813
59 1 -25.47654674
60 1 -103.6580399
61 1 -5.640215487
62 1 939.677502
63 1 -384.3532838
64 1 262.4725124
65 1 -100.749223
66 1 -332.271854
67 1 -61.00141544
68 1 17.67441834
69 1 26.61658212
70 1 -783.5658958
71 1 526.4469093
72 1 -42.01820834
73 1 239.0415892
74 1 162.2888602
75 1 139.6711509
76 1 -27.95028819
77 1 -44.25654424
78 1 -32.33895806
79 1 37.57978559
80 1 14.59658063
81 1 24.63852523
82 1 -744.6365297
83 1 154.6176659
84 1 -170.1599909
85 1 75.67689867
86 1 326.9793861
87 1 16.79239483
88 1 -57.90219171
89 1 -715.5995049
90 1 -164.3727742
91 1 -99.02109391
92 1 107.3818372
93 1 201.4595477
94 1 23.72330934
95 1 46.0393409
96 1 -488.8068933
97 1 681.9428956
98 1 -156.8638906
99 1 425.9231763
100 1 237.0478346
101 1 -106.5319088
102 1 88.81795986
103 1 -75.75741923
104 1 -34.2639843
105 1 -41.95266854
106 1 -29.12569712
107 1 -28.07953535
108 1 33.2731802
109 1 874.5249715
110 1 -3.697603021
111 1 181.5697376
112 1 -3.582064625
113 1 354.3070455
114 1 61.67438345
115 1 25.50987663
116 1 -42.91208675
117 1 -1129.447058
118 1 685.8640376
119 1 236.900098
120 1 327.5580022
121 1 -268.1689269
122 1 139.5268141
123 1 -7.927878231
124 1 65.07852045
125 1 11.73856968
126 1 1.28303809
127 1 -11.3461582
128 1 -37.67806459
1 2 1787.811811
2 2 75932.51942
3 2 95.04014266
4 2 -678.3375436
5 2 -2352.642635
6 2 -466.0717694
7 2 104.1000823
8 2 -1348.829543
9 2 783.3163859
10 2 448.8559638
11 2 -551.6552764
12 2 653.3212492
13 2 1597.667066
14 2 -141.1792278
15 2 2068.701795
16 2 2740.008403
17 2 1800.585234
18 2 -276.9500843
19 2 615.8253286
20 2 380.1220531
21 2 -994.8582748
22 2 -3033.017762
23 2 28.24488132
24 2 -1222.464891
25 2 876.4898143
26 2 -1446.642958
27 2 1237.269923
28 2 632.6137339
29 2 27.47917507
30 2 97.89436544
31 2 1037.181111
32 2 1496.448646
33 2 464.6066144
34 2 -948.6657822
35 2 -11.03807412
36 2 -142.4081291
37 2 -422.8887679
38 2 -1540.917386
39 2 -916.7297798
40 2 461.5018711
41 2 -83.04665471
42 2 -59.42454446
43 2 461.7672975
44 2 1132.919942
45 2 800.2200104
46 2 650.3972597
47 2 305.1620015
48 2 181.1553112
49 2 -1436.536152
50 2 -1374.746941
51 2 -260.9974811
52 2 -121.8153175
53 2 444.7072884
54 2 -80.57676395
55 2 -5.118888793
56 2 50.23998156
57 2 6.852731624
58 2 -47.69114002
59 2 -19.72997452
60 2 -119.2558193
61 2 -1.6746132
62 2 1030.849761
63 2 -402.4025283
64 2 159.9618323
65 2 -100.2374039
66 2 -383.1883216
67 2 -88.5512315
68 2 13.21134386
69 2 33.56207678
70 2 1196.855503
71 2 -760.2744555
72 2 178.1450996
73 2 -98.51294138
74 2 -222.4984586
75 2 -71.47880114
76 2 10.01041161
77 2 63.43805588
78 2 30.10675404
79 2 -50.47681151
80 2 -14.77567721
81 2 -27.34737268
82 2 816.0885866
83 2 -229.9081182
84 2 156.3279639
85 2 -89.73665999
86 2 -373.0161821
87 2 -28.75320277
88 2 68.12538593
89 2 -686.9173988
90 2 -280.6755286
91 2 -154.5259896
92 2 121.2620808
93 2 232.0830705
94 2 30.92179769
95 2 50.79662584
96 2 -598.6709377
97 2 955.1800118
98 2 168.7761726
99 2 257.8163
100 2 260.9797809
101 2 -34.45119373
102 2 39.79152351
103 2 46.47949678
104 2 -58.83840447
105 2 -54.42659728
106 2 -39.16973432
107 2 -47.84942989
108 2 43.8503773
109 2 -900.8462706
110 2 -63.56971614
111 2 -89.22336252
112 2 2.39930518
113 2 -420.1894772
114 2 -66.37843728
115 2 -22.62484647
116 2 45.94887787
117 2 1495.151278
118 2 -1014.913804
119 2 -442.9293113
120 2 -110.7613903
121 2 380.6604169
122 2 -14.49955662
123 2 -14.71282942
124 2 -4.896943824
125 2 -53.73294799
126 2 -5.321793428
127 2 22.2642848
128 2 47.57777677
1 3 3691.835377
2 3 95.04014266
3 3 76015.0645
4 3 379.3021381
5 3 -954.9853727
6 3 651.9660246
7 3 873.3190869
8 3 -1288.662144
9 3 1157.420049
10 3 2267.65309
11 3 -114.924509
12 3 663.4004113
13 3 -433.4667877
14 3 3471.874186
15 3 -346.2418955
16 3 -901.0306776
17 3 1092.504178
18 3 -310.7717018
19 3 -699.6281523
20 3 -2768.717468
21 3 962.4941296
22 3 814.4798167
23 3 891.7418621
24 3 487.1029891
25 3 931.9308924
26 3 -351.1447798
27 3 2243.963966
28 3 1410.397399
29 3 -422.4277191
30 3 193.3738377
31 3 -1583.61323
32 3 -313.7371751
33 3 -477.4013592
34 3 1549.955056
35 3 -324.0298552
36 3 320.0864137
37 3 -138.0151316
38 3 203.3939903
39 3 2130.090876
40 3 -1007.093638
41 3 258.1704488
42 3 -135.0824724
43 3 797.9837264
44 3 351.0692035
45 3 2084.086216
46 3 1056.225413
47 3 467.8685855
48 3 409.7574016
49 3 -903.4362165
50 3 -882.7511209
51 3 -139.0949135
52 3 -318.6024865
53 3 297.0519355
54 3 -108.4435252
55 3 -22.23787276
56 3 -74.859489
57 3 13.05162107
58 3 -33.39822208
59 3 -14.96063644
60 3 -73.17151608
61 3 0.5030961824
62 3 274.287345
63 3 -132.7591351
64 3 132.189173
65 3 -22.79555658
66 3 -84.74429905
67 3 -131.8166346
68 3 -26.58858769
69 3 33.83214925
70 3 -526.1000046
71 3 422.2610946
72 3 -182.6327186
73 3 323.6015596
74 3 146.6379564
75 3 52.25380459
76 3 -14.38028999
77 3 -28.05113307
78 3 -26.13451006
79 3 20.22791032
80 3 11.18849937
81 3 18.83379222
82 3 -159.5528891
83 3 16.18469352
84 3 -121.1645922
85 3 121.3960331
86 3 34.96423114
87 3 65.22855933
88 3 -11.87512538
89 3 242.0908461
90 3 -72.42834938
91 3 68.53227938
92 3 -49.45855013
93 3 -27.39521357
94 3 -22.09866572
95 3 -16.11842682
96 3 375.4216159
97 3 -729.7345088
98 3 -22.44939908
99 3 -398.6823862
100 3 -172.9278597
101 3 -20.01779746
102 3 -85.00923667
103 3 96.63577481
104 3 2.496661036
105 3 28.69971794
106 3 21.56311023
107 3 15.2582108
108 3 -22.33829698
109 3 -179.840458
110 3 146.963218
111 3 -125.5417355
112 3 64.33679836
113 3 -87.52548688
114 3 70.35154628
115 3 -15.56343375
116 3 31.46610542
117 3 953.6390786
118 3 -573.5514392
119 3 -367.2641532
120 3 -428.2060321
121 3 305.8115868
122 3 -41.8641802
123 3 -13.89610661
124 3 -52.69844238
125 3 5.40883352
126 3 8.618541227
127 3 2.587816979
128 3 41.95380696
1 4 -14724.06794
2 4 -678.3375436
3 4 379.3021381
4 4 24678.74798
5 4 2568.07502
6 4 11364.69443
7 4 287.3714209
8 4 1135.03014
9 4 381.4349927
10 4 -462.6009308
11 4 -105.5128351
12 4 -543.6675407
13 4 -2.682725023
14 4 2764.248973
15 4 -402.398839
16 4 1381.036864
17 4 -2526.287027
18 4 -61.55218292
19 4 -110.0650713
20 4 2838.780999
21 4 -51.14084102
22 4 265.7666314
23 4 2596.918639
24 4 -128.479582
25 4 87.46756108
26 4 174.43983
27 4 -233.780399
28 4 139.3656673
29 4 -263.0263168
30 4 -24.20651605
31 4 -97.5060717
32 4 326.9824163
33 4 196.7155589
34 4 148.0342873
35 4 -239.7876399
36 4 117.8325871
37 4 549.3495625
38 4 420.2858724
39 4 -147.3495585
40 4 101.0019441
41 4 -29.46328806
42 4 218.8024885
43 4 -264.2156599
44 4 245.3389117
45 4 -249.4006689
46 4 56.38520212
47 4 25.11116199
48 4 -10.04534363
49 4 1271.09592
50 4 335.4155763
51 4 274.0481284
52 4 -202.535364
53 4 -312.9460004
54 4 184.1267655
55 4 -92.24513424
56 4 -73.44286691
57 4 -12.87661148
58 4 38.18752479
59 4 -2.90246389
60 4 48.08951472
61 4 -14.72521748
62 4 -682.2362292
63 4 103.9513923
64 4 -5.680681661
65 4 46.75757497
66 4 181.2019049
67 4 57.7577061
68 4 -4.471255311
69 4 -22.63407708
70 4 1290.518462
71 4 -142.0531916
72 4 140.9076167
73 4 88.21097737
74 4 -191.073857
75 4 99.88015844
76 4 5.752410897
77 4 32.0556626
78 4 2.18445075
79 4 -29.33326864
80 4 1.801629001
81 4 -10.49093202
82 4 610.7046862
83 4 -49.70075452
84 4 47.38846669
85 4 -53.02479455
86 4 -155.3684292
87 4 -35.36168208
88 4 31.87904974
89 4 423.3590274
90 4 124.5722769
91 4 104.7386746
92 4 -52.01892862
93 4 -96.53923815
94 4 -19.91009242
95 4 -24.42335105
96 4 883.83525
97 4 -314.4675061
98 4 -281.9213794
99 4 92.19106616
100 4 -127.7415587
101 4 -112.8808983
102 4 -24.12932061
103 4 -105.1412714
104 4 25.02427549
105 4 18.04083465
106 4 18.43893216
107 4 10.2898544
108 4 -22.3746112
109 4 -551.4660496
110 4 15.42873851
111 4 15.61013709
112 4 3.81932637
113 4 -208.1548483
114 4 -14.09580109
115 4 -19.57700283
116 4 22.95456493
117 4 1274.023353
118 4 -268.0450539
119 4 -233.8565577
120 4 123.4801859
121 4 319.494769
122 4 179.0890637
123 4 -77.64348022
124 4 39.71515574
125 4 -53.23759971
126 4 -0.7441268814
127 4 21.96812946
128 4 32.83877765
1 5 325.8535362
2 5 -2352.642635
3 5 -954.9853727
4 5 2568.07502
5 5 54986.18616
6 5 204.835521
7 5 229.2410327
8 5 542.329177
9 5 104.486068
10 5 -1023.779084
11 5 -164.7964584
12 5 -4458.989653
13 5 -3256.568476
14 5 -271.7240749
15 5 -3237.691936
16 5 -1906.309375
17 5 -1347.001491
18 5 -5.467595652
19 5 2629.064004
20 5 203.8279653
21 5 -3030.948791
22 5 -2004.631573
23 5 -64.94673938
24 5 -1022.523234
25 5 -1010.810455
26 5 1100.340928
27 5 -1975.600688
28 5 -861.1284292
29 5 29.51205978
30 5 -191.6690749
31 5 -1727.760326
32 5 -1061.881733
33 5 -699.6657257
34 5 1044.617833
35 5 54.28117459
36 5 200.0689108
37 5 -357.0160822
38 5 -1034.236701
39 5 -1880.006685
40 5 747.446986
41 5 -194.1980957
42 5 -136.68604
43 5 1111.669742
44 5 784.6786756
45 5 1576.928728
46 5 857.032714
47 5 291.8788309
48 5 249.0795771
49 5 1253.768153
50 5 1394.554907
51 5 522.598808
52 5 92.81857046
53 5 -376.6798907
54 5 187.45335
55 5 -17.46468995
56 5 -27.53332232
57 5 -5.154653275
58 5 49.06521141
59 5 6.427983734
60 5 81.74057278
61 5 -6.507805615
62 5 -373.735276
63 5 210.2490567
64 5 -46.7631966
65 5 0.5199603645
66 5 96.28542912
67 5 150.2332945
68 5 30.67254381
69 5 -41.22060689
70 5 -1064.743878
71 5 717.7810992
72 5 -373.4931094
73 5 172.586117
74 5 204.854033
75 5 -27.60847993
76 5 9.768533409
77 5 -47.01649931
78 5 -21.87340168
79 5 31.63474005
80 5 10.68279095
81 5 20.61851579
82 5 -228.7517305
83 5 132.1793481
84 5 -111.4068572
85 5 133.1869644
86 5 36.98938297
87 5 83.62449548
88 5 -17.41698438
89 5 -241.4170126
90 5 -49.89453641
91 5 -105.323745
92 5 44.39775125
93 5 40.75245402
94 5 26.46897807
95 5 18.35930758
96 5 -543.5244245
97 5 1102.898235
98 5 449.2209717
99 5 201.4311098
100 5 192.7730876
101 5 107.9348219
102 5 25.3150093
103 5 43.11066315
104 5 -28.59479536
105 5 -41.55323323
106 5 -32.66526253
107 5 -35.948301
108 5 33.84395941
109 5 -203.6281172
110 5 -16.32272625
111 5 -69.64744075
112 5 55.95879606
113 5 -107.3328584
114 5 80.33709429
115 5 -13.94912018
116 5 34.49174855
117 5 1429.179736
118 5 -1046.345543
119 5 -665.8565431
120 5 -204.2181718
121 5 406.2296261
122 5 91.95091726
123 5 -33.07859309
124 5 13.88502629
125 5 -40.25928473
126 5 6.244175885
127 5 13.33750045
128 5 53.81877988
1 6 14262.66785
2 6 -466.0717694
3 6 651.9660246
4 6 11364.69443
5 6 204.835521
6 6 24709.4885
7 6 208.4740673
8 6 664.3222133
9 6 516.6842286
10 6 -384.3834164
11 6 -3531.618484
12 6 558.5245302
13 6 9.419484901
14 6 -2140.643981
15 6 -138.5871416
16 6 -165.4884041
17 6 -225.4758595
18 6 -174.0731821
19 6 164.7415392
20 6 -2494.869842
21 6 7.046086793
22 6 -325.3002471
23 6 332.3681547
24 6 -322.9476312
25 6 279.9932037
26 6 412.0571419
27 6 631.8467251
28 6 1104.779988
29 6 -260.4277221
30 6 348.5875137
31 6 -396.850385
32 6 209.7144072
33 6 335.4885809
34 6 1132.754806
35 6 57.20635342
36 6 243.4843921
37 6 822.8957386
38 6 72.74833779
39 6 -588.0437823
40 6 1104.275167
41 6 -377.2544679
42 6 4.005563164
43 6 43.99676899
44 6 142.5227939
45 6 -802.0779527
46 6 -1055.607572
47 6 -159.571354
48 6 -298.35052
49 6 -49.07504803
50 6 -119.5165277
51 6 -164.09527
52 6 -157.1287788
53 6 23.39296009
54 6 -137.6464401
55 6 15.14097894
56 6 -44.18934692
57 6 -1.508921072
58 6 -5.03715362
59 6 6.65073801
60 6 22.47472906
61 6 -0.1592323889
62 6 -386.4897656
63 6 202.7482237
64 6 -138.1121673
65 6 55.9844232
66 6 181.8358393
67 6 -21.55364458
68 6 -35.51622183
69 6 1.004939779
70 6 183.8250217
71 6 19.87015925
72 6 -202.5807728
73 6 235.8205685
74 6 8.006966231
75 6 -62.36930597
76 6 8.590802819
77 6 10.3331951
78 6 -2.62231236
79 6 -14.8226352
80 6 0.2879275996
81 6 -2.110826598
82 6 322.8827607
83 6 -73.67896458
84 6 91.45517816
85 6 -14.26563105
86 6 -187.1786142
87 6 3.990925609
88 6 41.4622601
89 6 310.2650131
90 6 92.20391323
91 6 5.965126913
92 6 -62.81953399
93 6 -121.1016191
94 6 -7.543627497
95 6 -23.23872085
96 6 22.27204543
97 6 228.7931881
98 6 72.51166766
99 6 155.3500127
100 6 -25.67790387
101 6 129.085777
102 6 19.32425677
103 6 -46.21705898
104 6 36.38487083
105 6 11.47289382
106 6 4.560638122
107 6 7.194439013
108 6 -10.34566391
109 6 -406.0108954
110 6 -96.89267955
111 6 -102.9039411
112 6 -7.589026055
113 6 -188.6532682
114 6 -81.9763231
115 6 -5.044704652
116 6 21.72345664
117 6 -115.1440652
118 6 29.08126101
119 6 233.0024115
120 6 303.5329919
121 6 -121.2333949
122 6 -84.16149404
123 6 25.25899715
124 6 -9.291613378
125 6 -33.78017389
126 6 -13.59666284
127 6 14.3242946
128 6 -13.02381838
1 7 682.0773784
2 7 104.1000823
3 7 873.3190869
4 7 287.3714209
5 7 229.2410327
6 7 208.4740673
7 7 9182.691321
8 7 787.4895779
9 7 -10513.02251
10 7 -1054.191929
11 7 -34.41352722
12 7 -266.6930452
13 7 2683.204837
14 7 362.8457056
15 7 -344.782015
16 7 -14.82133893
17 7 -102.4458058
18 7 123.381222
19 7 2086.546993
20 7 143.739776
21 7 180.937453
22 7 152.8954044
23 7 -57.17936608
24 7 -43.09578062
25 7 166.7145422
26 7 59.75101031
27 7 167.6549813
28 7 644.0485142
29 7 -69.35357439
30 7 352.4702204
31 7 219.5705768
32 7 136.5271725
33 7 -162.3347986
34 7 -494.212794
35 7 -212.0251629
36 7 -107.5903631
37 7 228.5390087
38 7 -171.4377411
39 7 -354.6250749
40 7 556.9949671
41 7 -177.5084688
42 7 -112.5145188
43 7 -120.8030872
44 7 9.893450833
45 7 161.119044
46 7 737.5898113
47 7 26.75417411
48 7 197.5937863
49 7 -119.5825999
50 7 -286.8456545
51 7 -247.5916748
52 7 -59.00659171
53 7 26.21117209
54 7 -110.3712501
55 7 25.27059945
56 7 -7.814905059
57 7 -5.732457692
58 7 -7.544976249
59 7 8.106740034
60 7 17.32345092
61 7 2.114676097
62 7 -197.1505738
63 7 189.3230589
64 7 -202.3732944
65 7 41.55542775
66 7 150.2630483
67 7 -3.712550532
68 7 -27.00503207
69 7 -1.700141689
70 7 243.1891994
71 7 -127.7244833
72 7 231.8373098
73 7 -92.30046864
74 7 -37.76968414
75 7 94.83260074
76 7 -16.59587957
77 7 0.2051334384
78 7 -1.602768413
79 7 5.730837998
80 7 1.567383221
81 7 1.816289354
82 7 -135.0140466
83 7 38.85879468
84 7 -70.77568528
85 7 -0.07364544465
86 7 148.3042365
87 7 -12.81966788
88 7 -26.00370145
89 7 148.8270514
90 7 76.84983803
91 7 -14.85888356
92 7 -46.68296188
93 7 -76.90560473
94 7 -5.51061093
95 7 -15.84096597
96 7 -123.4599514
97 7 291.8714812
98 7 209.6252289
99 7 16.75387496
100 7 -0.5300504569
101 7 113.9978488
102 7 -4.314324591
103 7 22.18217047
104 7 12.55853296
105 7 1.983972007
106 7 -2.127445489
107 7 -1.362040315
108 7 -0.7457292459
109 7 273.4911083
110 7 8.692016372
111 7 168.1030638
112 7 1.904537599
113 7 163.8036738
114 7 57.94353356
115 7 6.402283243
116 7 -21.40407539
117 7 217.3629846
118 7 -169.2472045
119 7 -263.7588346
120 7 -145.9721035
121 7 93.1823177
122 7 103.8115473
123 7 -30.71723467
124 7 30.048483
125 7 10.75261079
126 7 10.51040541
127 7 -9.082847905
128 7 12.45744461
1 8 536.6886726
2 8 -1348.829543
3 8 -1288.662144
4 8 1135.03014
5 8 542.329177
6 8 664.3222133
7 8 787.4895779
8 8 18500.08306
9 8 1568.097212
10 8 -6273.257894
11 8 230.442043
12 8 -265.3011599
13 8 -182.4743943
14 8 6028.600909
15 8 -109.5485808
16 8 1208.216775
17 8 -1992.836974
18 8 -23.06913521
19 8 -86.07042718
20 8 -6335.932929
21 8 -217.5721406
22 8 -459.9155047
23 8 -2010.475656
24 8 5.046396752
25 8 35.24592188
26 8 -229.0448826
27 8 -770.9364777
28 8 -14.6157256
29 8 -263.1993739
30 8 49.02378759
31 8 341.3703612
32 8 -68.04240025
33 8 464.1830798
34 8 167.0829376
35 8 -154.1059013
36 8 147.7943373
37 8 -639.6437319
38 8 125.0411173
39 8 -508.7512673
40 8 -140.6353293
41 8 141.2442134
42 8 -218.4960812
43 8 -115.1565038
44 8 104.3569673
45 8 -309.4246399
46 8 -52.27636828
47 8 4.702598322
48 8 81.17485505
49 8 1081.543378
50 8 254.2544518
51 8 367.0614545
52 8 -232.1887715
53 8 -274.2454268
54 8 228.1547171
55 8 -102.0505892
56 8 -56.59837464
57 8 -12.48060177
58 8 37.57328692
59 8 -7.864591127
60 8 33.28259564
61 8 -18.80411227
62 8 -252.8773965
63 8 -23.11560658
64 8 5.703441785
65 8 -26.23161268
66 8 42.6884865
67 8 110.1669325
68 8 20.4830802
69 8 -31.00829661
70 8 1152.100923
71 8 -86.18363434
72 8 187.1972495
73 8 70.77690137
74 8 -182.1224121
75 8 131.8909442
76 8 0.09075274245
77 8 25.12863836
78 8 -0.7902272126
79 8 -22.88547784
80 8 3.231320405
81 8 -8.30296858
82 8 264.2768247
83 8 51.78309098
84 8 81.28024445
85 8 -87.55527595
86 8 -5.880976382
87 8 -79.9206326
88 8 15.62050737
89 8 -255.0463487
90 8 101.4467567
91 8 -77.65058873
92 8 21.59018888
93 8 33.43845574
94 8 24.61592464
95 8 14.63006901
96 8 -816.3930021
97 8 302.0973593
98 8 361.7985503
99 8 -125.6282226
100 8 106.6135871
101 8 140.5654362
102 8 21.68029062
103 8 94.5319274
104 8 -18.50193186
105 8 -15.79467921
106 8 -16.55821085
107 8 -5.580640294
108 8 20.5770807
109 8 124.231807
110 8 -150.0802176
111 8 36.79137992
112 8 -26.07277933
113 8 68.88257178
114 8 -68.08590672
115 8 12.38626101
116 8 -23.70755635
117 8 -1129.680057
118 8 209.1557339
119 8 287.207894
120 8 -110.9367757
121 8 -316.7818978
122 8 -214.5216974
123 8 85.01184951
124 8 -38.7216765
125 8 51.16182087
126 8 -2.596765562
127 8 -20.12814269
128 8 -33.62857176
1 9 1036.64382
2 9 783.3163859
3 9 1157.420049
4 9 381.4349927
5 9 104.486068
6 9 516.6842286
7 9 -10513.02251
8 9 1568.097212
9 9 13127.6988
10 9 -461.4458914
11 9 -31.94346974
12 9 -82.88403388
13 9 -3053.063807
14 9 139.2172534
15 9 239.1301137
16 9 161.4022298
17 9 -85.6757181
18 9 -170.1468379
19 9 -2533.18814
20 9 -161.0908699
21 9 -373.8779938
22 9 -285.6582075
23 9 -18.16097449
24 9 53.65008352
25 9 -191.4037831
26 9 -16.70104871
27 9 -293.6080656
28 9 -555.4695071
29 9 28.90092737
30 9 -256.7111039
31 9 -304.1661216
32 9 -36.61979139
33 9 248.2378264
34 9 819.4476904
35 9 317.0091951
36 9 160.1659498
37 9 -511.2978527
38 9 274.3817698
39 9 215.1294697
40 9 -894.5948711
41 9 353.1306492
42 9 180.1867555
43 9 -13.77767812
44 9 14.35490625
45 9 -350.2713731
46 9 -709.7167058
47 9 -28.53550689
48 9 -152.9532343
49 9 235.2584747
50 9 330.3738784
51 9 291.5042024
52 9 20.84230998
53 9 -40.33994931
54 9 135.763368
55 9 -30.48307137
56 9 -7.852759985
57 9 2.786012109
58 9 11.37951628
59 9 -10.2130588
60 9 -16.66385708
61 9 -5.258758581
62 9 221.6994457
63 9 -200.8791104
64 9 178.4667956
65 9 -72.36727547
66 9 -163.4932968
67 9 42.78306453
68 9 38.40613044
69 9 -7.018774984
70 9 -131.140146
71 9 134.5900492
72 9 -276.497381
73 9 137.8856152
74 9 36.11917805
75 9 -88.4743708
76 9 16.61659298
77 9 2.475007715
78 9 1.90673198
79 9 -10.6685336
80 9 -0.08441250481
81 9 -1.219473802
82 9 186.0213269
83 9 -59.17550194
84 9 133.8394071
85 9 -17.08546375
86 9 -191.6483332
87 9 4.09225114
88 9 43.60596597
89 9 -264.3935642
90 9 -19.94710916
91 9 22.04969863
92 9 65.53081895
93 9 119.1097445
94 9 9.222125834
95 9 23.52011457
96 9 90.07469246
97 9 -334.5919608
98 9 -273.1124563
99 9 -26.15841967
100 9 18.76329256
101 9 -153.376266
102 9 0.993032547
103 9 -21.94180699
104 9 -21.6999192
105 9 -5.695051832
106 9 -0.2949802227
107 9 -0.09994051868
108 9 5.009668889
109 9 -319.6855914
110 9 -66.7481581
111 9 -157.119884
112 9 -2.303699178
113 9 -188.320629
114 9 -75.6215187
115 9 -12.02034416
116 9 20.2374696
117 9 -289.5158847
118 9 226.8681298
119 9 294.7759252
120 9 142.053278
121 9 -110.0182484
122 9 -113.0736209
123 9 29.60429918
124 9 -31.84087254
125 9 -7.411628102
126 9 -10.59892736
127 9 6.70153595
128 9 -14.86820334
1 10 573.7035316
2 10 448.8559638
3 10 2267.65309
4 10 -462.6009308
5 10 -1023.779084
6 10 -384.3834164
7 10 -1054.191929
8 10 -6273.257894
9 10 -461.4458914
10 10 5622.323638
11 10 -199.7044881
12 10 478.8618417
13 10 -157.2199668
14 10 337.5313804
15 10 -40.43877176
16 10 -24.6207019
17 10 234.7421965
18 10 -8.542863675
19 10 42.49991033
20 10 591.2746586
21 10 586.2960059
22 10 125.5402102
23 10 301.2827104
24 10 -37.14655304
25 10 179.3060611
26 10 -34.27157402
27 10 996.670184
28 10 -206.0456684
29 10 113.9811919
30 10 -324.2680303
31 10 -569.1693084
32 10 205.001139
33 10 -662.6378797
34 10 -214.8789765
35 10 -127.9127375
36 10 -154.7195612
37 10 602.4636237
38 10 -499.511007
39 10 942.4157068
40 10 241.0364531
41 10 -288.784739
42 10 97.45588274
43 10 566.6057971
44 10 -136.0343251
45 10 634.7988458
46 10 -301.1374938
47 10 -22.24041881
48 10 -181.1525913
49 10 -158.6652283
50 10 -211.8773636
51 10 -3.361001206
52 10 50.97750761
53 10 82.97611531
54 10 50.68693601
55 10 -12.81510137
56 10 -12.17452576
57 10 6.699621899
58 10 -10.95209852
59 10 -9.758546968
60 10 -47.14555091
61 10 5.3392385
62 10 125.0574409
63 10 -51.64547994
64 10 155.2400552
65 10 22.75181829
66 10 -76.74871469
67 10 -84.3753274
68 10 -11.6719582
69 10 24.89045138
70 10 -224.8508528
71 10 76.13424518
72 10 56.60259265
73 10 -70.06606161
74 10 45.63298472
75 10 49.97774836
76 10 -9.195897931
77 10 -13.11626187
78 10 -3.660895709
79 10 14.14593335
80 10 3.122181281
81 10 7.754630014
82 10 -94.10500758
83 10 -88.22441383
84 10 -97.53556516
85 10 49.1702508
86 10 45.83235007
87 10 36.92528681
88 10 -16.15577338
89 10 191.8847765
90 10 -205.7459222
91 10 47.19161075
92 10 3.228822897
93 10 -27.39858105
94 10 -8.698605111
95 10 -10.86064478
96 10 144.2692907
97 10 -92.59812527
98 10 -104.0411406
99 10 29.35181897
100 10 -77.89580063
101 10 61.29687651
102 10 -25.00583601
103 10 6.43408477
104 10 26.67116523
105 10 21.39089256
106 10 11.66426577
107 10 6.95017563
108 10 -17.58157188
109 10 -75.6886494
110 10 168.6002303
111 10 -104.9297394
112 10 7.161153116
113 10 -54.27757097
114 10 28.80563282
115 10 -2.951248252
116 10 21.42466337
117 10 213.8960863
118 10 -171.1990539
119 10 -27.90743613
120 10 90.83226473
121 10 33.8865441
122 10 -49.79893298
123 10 -3.577393206
124 10 -34.89143486
125 10 -35.00017602
126 10 -4.889381755
127 10 13.47651835
128 10 10.35944429
1 11 -3457.71046
2 11 -551.6552764
3 11 -114.924509
4 11 -105.5128351
5 11 -164.7964584
6 11 -3531.618484
7 11 -34.41352722
8 11 230.442043
9 11 -31.94346974
10 11 -199.7044881
11 11 1597.932875
12 11 -37.00911628
13 11 -93.90842633
14 11 618.229126
15 11 117.1333349
16 11 45.45668432
17 11 -26.76884242
18 11 32.15056387
19 11 122.030022
20 11 925.5466916
21 11 303.8331867
22 11 78.29654494
23 11 24.71857942
24 11 30.4758867
25 11 -101.1023061
26 11 -212.290954
27 11 -587.48401
28 11 -214.1772926
29 11 -21.59626931
30 11 10.28199613
31 11 332.2864396
32 11 -260.6958878
33 11 247.6996996
34 11 -205.2773726
35 11 -29.49436697
36 11 45.12493283
37 11 -16.99145299
38 11 -291.5010539
39 11 500.3400255
40 11 -339.7943575
41 11 20.8615735
42 11 140.7849827
43 11 105.646525
44 11 -152.7843571
45 11 333.9172767
46 11 264.7690036
47 11 -11.8236179
48 11 20.42321256
49 11 48.37483299
50 11 120.8598849
51 11 66.26039453
52 11 0.53994655
53 11 -44.23249894
54 11 12.29516695
55 11 -4.367575731
56 11 21.72011675
57 11 -1.292256147
58 11 6.886324557
59 11 2.698438381
60 11 16.99834013
61 11 -3.408422607
62 11 36.16734203
63 11 -103.4606432
64 11 16.45766276
65 11 -23.74519332
66 11 -28.36237965
67 11 27.74037466
68 11 21.70589938
69 11 -10.70416981
70 11 44.24358561
71 11 -18.81428304
72 11 16.65443475
73 11 -9.080217689
74 11 -27.68567231
75 11 -14.86023191
76 11 3.999240382
77 11 3.570109875
78 11 1.163716351
79 11 -2.979735801
80 11 -1.876300703
81 11 -3.832652336
82 11 -3.743514478
83 11 88.65215587
84 11 -11.91756463
85 11 -2.302832594
86 11 20.28774558
87 11 -7.296831103
88 11 -9.323031351
89 11 -9.781213662
90 11 -80.6857204
91 11 47.54700861
92 11 33.99465739
93 11 34.01845412
94 11 2.393028438
95 11 2.743876703
96 11 33.50979449
97 11 -83.46404801
98 11 -108.2248446
99 11 -13.67140582
100 11 -33.11491424
101 11 2.535508393
102 11 -25.76486681
103 11 18.68618407
104 11 5.110776264
105 11 9.299692513
106 11 4.369597948
107 11 1.600688262
108 11 -6.148647386
109 11 71.25982547
110 11 94.59608389
111 11 53.97231244
112 11 -11.48690601
113 11 44.04831627
114 11 27.68703625
115 11 -3.515626444
116 11 -7.424932219
117 11 62.22244819
118 11 -67.63493248
119 11 -80.57110713
120 11 -32.9951807
121 11 29.93447448
122 11 -3.768723428
123 11 -15.49836806
124 11 -16.9966699
125 11 -9.731671829
126 11 2.121176424
127 11 0.568709803
128 11 8.078655094
1 12 -529.8648709
2 12 653.3212492
3 12 663.4004113
4 12 -543.6675407
5 12 -4458.989653
6 12 558.5245302
7 12 -266.6930452
8 12 -265.3011599
9 12 -82.88403388
10 12 478.8618417
11 12 -37.00911628
12 12 5169.77385
13 12 -1594.953175
14 12 -20.66130283
15 12 1890.421406
16 12 19.36089932
17 12 43.29577899
18 12 -141.1376266
19 12 954.6919083
20 12 -293.4895889
21 12 2011.494411
22 12 145.4353103
23 12 71.54921559
24 12 -60.9323831
25 12 178.6060733
26 12 69.00396326
27 12 1034.115776
28 12 -157.6384964
29 12 79.98636756
30 12 -314.2703526
31 12 623.3136247
32 12 -181.3575998
33 12 714.5767708
34 12 279.0527581
35 12 250.640541
36 12 151.4759319
37 12 506.7263316
38 12 -369.4815894
39 12 753.803676
40 12 377.599606
41 12 -290.1122162
42 12 -47.36664459
43 12 -650.9013914
44 12 159.1777213
45 12 -741.0034412
46 12 375.6599802
47 12 -7.073600768
48 12 191.7536398
49 12 -120.0503366
50 12 -124.5675044
51 12 5.813966617
52 12 45.78835484
53 12 75.45226861
54 12 32.92857245
55 12 -14.26400263
56 12 -13.86007267
57 12 8.209597944
58 12 -9.637680119
59 12 -8.808145734
60 12 -41.93293292
61 12 4.480693707
62 12 57.12024354
63 12 -24.84891541
64 12 153.8183146
65 12 30.95445664
66 12 -55.9003873
67 12 -84.88621368
68 12 -18.92572266
69 12 25.38542378
70 12 94.77762908
71 12 -58.71009746
72 12 -108.4482366
73 12 64.45488609
74 12 -24.95913267
75 12 -68.30039043
76 12 10.57986765
77 12 12.29580083
78 12 6.435484406
79 12 -15.46832977
80 12 -3.225863481
81 12 -7.684145994
82 12 57.19012275
83 12 74.40533941
84 12 128.6690494
85 12 -48.95727731
86 12 -70.48055397
87 12 -29.30275067
88 12 22.71209929
89 12 171.1439872
90 12 -159.604462
91 12 7.857879702
92 12 -14.0411553
93 12 -47.83475628
94 12 -5.875789822
95 12 -11.36322667
96 12 -4.409616591
97 12 -6.975789458
98 12 38.79314264
99 12 -11.60269962
100 12 -51.18092733
101 12 88.12349219
102 12 -10.46568248
103 12 23.01352196
104 12 20.55738743
105 12 15.11148444
106 12 7.455841535
107 12 5.456653969
108 12 -11.9709812
109 12 55.72379296
110 12 -179.4653035
111 12 136.0700973
112 12 -6.733114661
113 12 52.68463471
114 12 -25.90070673
115 12 -0.7203774817
116 12 -21.23218937
117 12 -114.1213575
118 12 99.41929977
119 12 -14.77375078
120 12 -79.79491836
121 12 -27.71800819
122 12 61.23793708
123 12 -8.655198735
124 12 38.31206106
125 12 27.36762276
126 12 5.624612918
127 12 -12.94524111
128 12 -6.703986242
1 13 -544.3126815
2 13 1597.667066
3 13 -433.4667877
4 13 -2.682725023
5 13 -3256.568476
6 13 9.419484901
7 13 2683.204837
8 13 -182.4743943
9 13 -3053.063807
10 13 -157.2199668
11 13 -93.90842633
12 13 -1594.953175
13 13 5969.452943
14 13 -542.2908285
15 13 -752.274477
16 13 2260.64296
17 13 1636.214382
18 13 1328.466563
19 13 170.1556561
20 13 -75.95292873
21 13 -179.1973213
22 13 89.13073706
23 13 -13.62542888
24 13 33.93113457
25 13 584.6322241
26 13 -1367.240209
27 13 -280.5710297
28 13 311.0904847
29 13 -148.7406839
30 13 61.94891098
31 13 351.7819143
32 13 1329.783536
33 13 -232.692866
34 13 -348.6868153
35 13 67.7654227
36 13 -160.6377681
37 13 -19.95544045
38 13 94.35909251
39 13 -145.4833847
40 13 18.86001187
41 13 28.87699568
42 13 -2.467785724
43 13 58.39813103
44 13 -37.28953805
45 13 106.1669133
46 13 -3.315029547
47 13 0.4901583451
48 13 -19.50288431
49 13 305.3773004
50 13 -926.2779505
51 13 -0.341293041
52 13 -203.2224611
53 13 -286.1635007
54 13 92.58337981
55 13 -90.57268515
56 13 35.98003815
57 13 -29.5895222
58 13 10.34315329
59 13 -15.30156949
60 13 -37.3133379
61 13 -26.6534597
62 13 -89.01543555
63 13 -68.97228697
64 13 -61.42501005
65 13 23.81325327
66 13 59.81478432
67 13 19.13931623
68 13 -2.394241486
69 13 -13.0344743
70 13 -392.7641072
71 13 -749.5108047
72 13 75.54873358
73 13 -72.26281887
74 13 253.4906005
75 13 -116.7371828
76 13 -18.51806621
77 13 22.15170675
78 13 27.73792026
79 13 -12.69920653
80 13 -11.88982463
81 13 -11.02598896
82 13 -136.4552064
83 13 -140.5117201
84 13 -20.12777365
85 13 33.0641098
86 13 34.74868179
87 13 32.02383205
88 13 -0.8221298234
89 13 12.59691683
90 13 65.47464331
91 13 4.554186736
92 13 -8.652932471
93 13 -8.384709061
94 13 -0.3304835453
95 13 -2.17925606
96 13 6.593986657
97 13 14.40415104
98 13 15.51946077
99 13 -1.353369539
100 13 -1.215327877
101 13 2.493891726
102 13 0.1983233904
103 13 -1.865381546
104 13 0.09809657005
105 13 -0.6246929425
106 13 -0.3213830258
107 13 0.1074730564
108 13 0.4338455108
109 13 37.02106147
110 13 37.23056821
111 13 -9.955659453
112 13 3.232321042
113 13 14.69047347
114 13 9.42179988
115 13 3.636621986
116 13 2.430980639
117 13 7.156677452
118 13 -15.06476146
119 13 -10.7582414
120 13 -1.64666359
121 13 1.99298516
122 13 0.2665984825
123 13 -0.5911153147
124 13 -1.43018332
125 13 -1.557301161
126 13 -0.06333248268
127 13 0.5484836586
128 13 0.7775590747
1 14 8806.437466
2 14 -141.1792278
3 14 3471.874186
4 14 2764.248973
5 14 -271.7240749
6 14 -2140.643981
7 14 362.8457056
8 14 6028.600909
9 14 139.2172534
10 14 337.5313804
11 14 618.229126
12 14 -20.66130283
13 14 -542.2908285
14 14 7866.808244
15 14 -5.663823167
16 14 929.0730491
17 14 -1622.541048
18 14 -104.075163
19 14 79.26321042
20 14 1415.173792
21 14 92.32137824
22 14 13.71588976
23 14 -233.4293184
24 14 43.01268893
25 14 287.1666719
26 14 -389.8306166
27 14 432.6080251
28 14 -219.3017205
29 14 -156.4253813
30 14 -333.6322271
31 14 -226.8382854
32 14 -134.7521955
33 14 -225.9376852
34 14 -148.7404337
35 14 -420.2108632
36 14 23.0108823
37 14 -51.97059975
38 14 -222.2108534
39 14 194.0263587
40 14 -102.81854
41 14 1.504224317
42 14 37.2042383
43 14 17.81127387
44 14 -185.3552308
45 14 97.47133825
46 14 91.75084854
47 14 -24.30138326
48 14 -1.365401034
49 14 709.8099957
50 14 -20.34526529
51 14 374.5184222
52 14 -193.962527
53 14 -113.4603033
54 14 281.0981494
55 14 -116.3404327
56 14 -68.2141226
57 14 0.05680518069
58 14 21.34474279
59 14 -19.3507618
60 14 -23.25654261
61 14 -10.4674614
62 14 39.90772834
63 14 -170.9738912
64 14 236.7411168
65 14 -19.57229566
66 14 -104.9636848
67 14 7.007130201
68 14 14.69142275
69 14 0.6160381539
70 14 831.2052193
71 14 27.50273107
72 14 285.0766063
73 14 0.3219176658
74 14 -115.5525498
75 14 210.2144974
76 14 -11.42046544
77 14 9.072481016
78 14 -5.344635172
79 14 -7.723832886
80 14 8.401619749
81 14 0.3007198768
82 14 41.96431789
83 14 46.32085898
84 14 -91.08774775
85 14 -13.76253697
86 14 125.5023837
87 14 -35.4729727
88 14 -24.41899076
89 14 -104.9825229
90 14 -97.64367151
91 14 -0.2459878948
92 14 31.21212047
93 14 44.05311806
94 14 5.39281481
95 14 8.978277182
96 14 -45.33401768
97 14 4.62746361
98 14 -43.10007878
99 14 13.34799246
100 14 14.95574932
101 14 -21.86045935
102 14 1.25330162
103 14 6.938119027
104 14 -6.252928586
105 14 -2.390301648
106 14 -1.67575041
107 14 -3.237901057
108 14 2.077891774
109 14 179.4886232
110 14 79.07467941
111 14 57.90391077
112 14 -4.768797077
113 14 90.71290214
114 14 29.81431612
115 14 6.523057995
116 14 -10.71048033
117 14 -92.81955123
118 14 43.03931006
119 14 -24.26343119
120 14 -17.72610052
121 14 -4.339625177
122 14 19.2147271
123 14 -5.384307591
124 14 0.472050658
125 14 3.065403389
126 14 2.379841535
127 14 -2.192087341
128 14 0.1738372863
1 15 -232.2592771
2 15 2068.701795
3 15 -346.2418955
4 15 -402.398839
5 15 -3237.691936
6 15 -138.5871416
7 15 -344.782015
8 15 -109.5485808
9 15 239.1301137
10 15 -40.43877176
11 15 117.1333349
12 15 1890.421406
13 15 -752.274477
14 15 -5.663823167
15 15 1228.166804
16 15 -48.13698637
17 15 59.1949155
18 15 -108.6895111
19 15 79.63871201
20 15 58.24833073
21 15 396.1632231
22 15 94.3258871
23 15 7.903834645
24 15 48.51272732
25 15 103.8416124
26 15 74.61148429
27 15 626.5652894
28 15 1.735616157
29 15 68.8008479
30 15 -101.4699844
31 15 517.7755591
32 15 -237.604373
33 15 509.3320687
34 15 -32.76722457
35 15 39.29763418
36 15 109.9851402
37 15 80.61888351
38 15 -9.807197563
39 15 137.2272466
40 15 67.77654237
41 15 -34.39397284
42 15 -21.55841707
43 15 -157.5607092
44 15 -38.45906361
45 15 -142.829074
46 15 96.01434124
47 15 -20.17086971
48 15 20.7816015
49 15 -109.4804051
50 15 -143.0626879
51 15 -38.89964486
52 15 37.30291193
53 15 44.73435995
54 15 0.3932034908
55 15 -0.1435085171
56 15 -6.930845749
57 15 1.721782771
58 15 -8.126736693
59 15 -5.940569336
60 15 -34.2452816
61 15 -0.2858163678
62 15 63.28872308
63 15 19.61156469
64 15 40.46914251
65 15 7.074858846
66 15 -27.71407782
67 15 -33.19153531
68 15 -11.04082725
69 15 12.38537712
70 15 91.13587163
71 15 -69.81182842
72 15 -40.06761993
73 15 35.43906936
74 15 -28.41854743
75 15 -51.74928901
76 15 10.091813
77 15 11.93133854
78 15 5.829594504
79 15 -13.49254988
80 15 -3.193182252
81 15 -7.972875798
82 15 70.74172973
83 15 83.03544006
84 15 33.34455127
85 15 -20.08818918
86 15 -34.81222456
87 15 -15.31141584
88 15 2.440913441
89 15 21.06427898
90 15 -16.93789009
91 15 -4.580813466
92 15 -7.595557573
93 15 -8.591500345
94 15 -3.007855193
95 15 -2.259694747
96 15 7.387460423
97 15 -24.35669394
98 15 -0.6968175183
99 15 -6.007837095
100 15 -7.087823489
101 15 6.777425201
102 15 0.114725595
103 15 0.9015920334
104 15 2.490019484
105 15 2.163181699
106 15 1.315291457
107 15 1.361655546
108 15 -1.735012549
109 15 18.05448837
110 15 -0.6957315255
111 15 51.26647429
112 15 -11.89119077
113 15 21.7305465
114 15 -4.506600662
115 15 0.1695754938
116 15 -9.215737301
117 15 -50.58675144
118 15 42.55861282
119 15 5.062042125
120 15 -7.455771542
121 15 -9.246100796
122 15 8.441815966
123 15 -3.38877608
124 15 3.372925746
125 15 3.777707584
126 15 1.167882389
127 15 -2.125920369
128 15 -1.361890144
1 16 -1231.577669
2 16 2740.008403
3 16 -901.0306776
4 16 1381.036864
5 16 -1906.309375
6 16 -165.4884041
7 16 -14.82133893
8 16 1208.216775
9 16 161.4022298
10 16 -24.6207019
11 16 45.45668432
12 16 19.36089932
13 16 2260.64296
14 16 929.0730491
15 16 -48.13698637
16 16 1731.02467
17 16 20.7321975
18 16 667.1091388
19 16 -88.61658351
20 16 -101.2835451
21 16 140.8289294
22 16 -36.98663515
23 16 29.76108111
24 16 0.2294105044
25 16 245.8107635
26 16 -487.1813354
27 16 48.27640372
28 16 -45.47985452
29 16 -68.84786704
30 16 -79.82495298
31 16 297.2215613
32 16 909.470085
33 16 0.6651531722
34 16 -115.1016192
35 16 79.35202885
36 16 -34.255463
37 16 8.748660653
38 16 -17.63689814
39 16 55.27297584
40 16 -15.16522066
41 16 -2.942473489
42 16 7.362901579
43 16 -60.21736607
44 16 24.29519414
45 16 -66.44678416
46 16 -2.042232933
47 16 2.699913486
48 16 3.145081236
49 16 441.9208422
50 16 -245.034051
51 16 101.6094477
52 16 -143.3935848
53 16 -59.31561992
54 16 170.8714445
55 16 -65.1700942
56 16 -35.26395524
57 16 -7.176254125
58 16 11.47118706
59 16 -10.33505777
60 16 2.576392826
61 16 2.273788844
62 16 -37.83303426
63 16 -73.96179411
64 16 57.26004686
65 16 1.946967948
66 16 -16.42032077
67 16 7.179551825
68 16 3.859273012
69 16 -2.383708069
70 16 54.81413577
71 16 -569.5590818
72 16 54.87574371
73 16 -13.29199927
74 16 157.1880269
75 16 -59.71437999
76 16 -6.862873291
77 16 28.90730159
78 16 26.0008561
79 16 -24.38035218
80 16 -7.834045589
81 16 -14.15877016
82 16 28.32424669
83 16 -83.89172069
84 16 27.88484071
85 16 1.302896257
86 16 -16.4863427
87 16 5.708813978
88 16 10.66245189
89 16 -10.24424778
90 16 -13.60261705
91 16 1.163865869
92 16 5.931683471
93 16 7.011588302
94 16 1.579205307
95 16 1.421580969
96 16 -5.285741963
97 16 -11.23255112
98 16 -9.831436872
99 16 0.8647299032
100 16 1.604693263
101 16 -1.664843587
102 16 0.5427480059
103 16 1.038685436
104 16 -0.2326093953
105 16 0.3719864028
106 16 0.1811162525
107 16 -0.04498572097
108 16 -0.202973783
109 16 -42.91381912
110 16 -6.59006902
111 16 0.5461749765
112 16 -1.690733544
113 16 -17.87437502
114 16 -9.373302653
115 16 -0.296481248
116 16 1.278934207
117 16 9.710047985
118 16 5.364212262
119 16 10.68035578
120 16 2.834157259
121 16 0.5883973357
122 16 -3.00904885
123 16 0.1614386716
124 16 0.4114414778
125 16 0.1349937017
126 16 -0.424312707
127 16 0.1520726263
128 16 -0.388474026
1 17 1773.902609
2 17 1800.585234
3 17 1092.504178
4 17 -2526.287027
5 17 -1347.001491
6 17 -225.4758595
7 17 -102.4458058
8 17 -1992.836974
9 17 -85.6757181
10 17 234.7421965
11 17 -26.76884242
12 17 43.29577899
13 17 1636.214382
14 17 -1622.541048
15 17 59.1949155
16 17 20.7321975
17 17 1943.730315
18 17 466.6729127
19 17 -33.87499304
20 17 208.2438554
21 17 80.44261865
22 17 -8.011674824
23 17 -53.83337536
24 17 11.55200255
25 17 318.6060066
26 17 -881.0481002
27 17 -91.98678535
28 17 121.7133861
29 17 -19.45862067
30 17 -51.27115033
31 17 115.9816723
32 17 -109.8087716
33 17 88.32654423
34 17 4.537129493
35 17 83.18075485
36 17 -52.54223521
37 17 -0.113743289
38 17 -38.39661461
39 17 60.71711077
40 17 -8.38694911
41 17 0.3897657372
42 17 3.689498507
43 17 0.1004494333
44 17 -7.049199355
45 17 2.046405783
46 17 -2.67119989
47 17 0.41345483
48 17 0.6510721847
49 17 -278.509909
50 17 -645.8522303
51 17 -43.15060904
52 17 -16.57064216
53 17 -173.2028079
54 17 -51.07374806
55 17 -25.46066794
56 17 75.20194818
57 17 -17.88415935
58 17 -5.383087524
59 17 -11.98270827
60 17 -60.10628461
61 17 -23.50253943
62 17 106.6181594
63 17 -77.43946933
64 17 -6.759161866
65 17 10.85006832
66 17 -10.24350494
67 17 -16.6326827
68 17 -1.814611848
69 17 -0.764335117
70 17 -593.3374664
71 17 124.3100972
72 17 -102.4902998
73 17 -7.915237715
74 17 -8.466973673
75 17 -125.3383278
76 17 -1.7351367
77 17 -22.65529552
78 17 -16.82154568
79 17 35.64206446
80 17 -10.0677669
81 17 4.043997868
82 17 -103.1592335
83 17 -6.204441764
84 17 6.559641961
85 17 11.59207879
86 17 -22.44439901
87 17 17.31644875
88 17 1.036256169
89 17 -26.47816788
90 17 -11.08363102
91 17 -1.453873796
92 17 3.995829853
93 17 10.33867455
94 17 0.15651298
95 17 1.594809102
96 17 -11.86784099
97 17 -2.306312759
98 17 -11.32488568
99 17 2.837303873
100 17 3.512077077
101 17 -4.377590229
102 17 0.7316260247
103 17 1.496348012
104 17 -1.283485808
105 17 -0.4593286797
106 17 -0.3498495975
107 17 -0.5928924459
108 17 0.4584122306
109 17 12.28513659
110 17 -3.328176229
111 17 -8.344351249
112 17 2.373473651
113 17 -2.140295401
114 17 1.176303203
115 17 -0.6142558207
116 17 0.8720421319
117 17 -10.8732885
118 17 10.25569803
119 17 2.112952755
120 17 -0.197075158
121 17 -0.4063842257
122 17 0.9436779431
123 17 -0.2405799249
124 17 0.4054334364
125 17 0.8838145311
126 17 0.1892130597
127 17 -0.297877565
128 17 -0.3296596404
1 18 -204.1877899
2 18 -276.9500843
3 18 -310.7717018
4 18 -61.55218292
5 18 -5.467595652
6 18 -174.0731821
7 18 123.381222
8 18 -23.06913521
9 18 -170.1468379
10 18 -8.542863675
11 18 32.15056387
12 18 -141.1376266
13 18 1328.466563
14 18 -104.075163
15 18 -108.6895111
16 18 667.1091388
17 18 466.6729127
18 18 537.9819561
19 18 21.20255844
20 18 18.57366443
21 18 2.632010967
22 18 19.12925861
23 18 -5.027767334
24 18 8.466790109
25 18 133.1081712
26 18 -313.0408845
27 18 -38.2874025
28 18 -13.76099632
29 18 -24.84833671
30 18 -28.33730681
31 18 130.4285408
32 18 239.816755
33 18 21.03687846
34 18 -41.95626541
35 18 38.65284501
36 18 -34.89084569
37 18 0.1577885255
38 18 7.455652799
39 18 -4.230650456
